800 450
locked
633 170
121 54
128 64
Song1
183 158
125 76
128 128
Song2
330 158
124 75
128 128
Song3
474 158
124 77
128 128
Song4
183 296
125 70
128 128
Song5
330 296
123 71
128 128
Song6
473 296
125 70
128 128
bg
169 117
445 22
512 32
backbtn
54 59
42 40
64 64
header
257 52
265 54
512 64
staron
150 74
28 32
32 32
staroff
183 74
28 32
32 32
song1stars
202 235
95 35
128 64
song2stars
339 235
96 33
128 64
song3stars
482 236
94 32
128 32
song4stars
198 367
95 32
128 32
song5stars
342 368
95 31
128 32
song6stars
486 369
93 30
128 32
